PQ488551: 0.057737397420867524
PQ488552: 0.05862523816503005
PQ488553: 0.058340662562298445
PQ488555: 0.05888384356232606
PQ488556: 0.0633245382585752
PQ488558: 0.06508355321020229
PQ488559: 0.04038630377524144
PQ488560: 0.05907358545880973
AB847305.1: 0.0637212015164771
AB847306.1: 0.06185266229029905
AB847307.1: 0.06391087657578423
AB847308.1: 0.04067895815042435
AB847309.1: 0.06055742010798191
GU345043.1: 0.0445906432748538
JN167537.1: 0.04550775534094235
JN167538.1: 0.046239391278899616
JX120573.1: 0.06555213374395072
KM516906.1: 0.04755633596722271
LC145325.1: 0.058746355685131195
LC225388.1: 0.061825605132691745
LC225389.1: 0.06617111208278677
LC549184.1: 0.06252732837778749
LC549185.1: 0.06480938416422287
LC549186.1: 0.05921820303383897
LC549187.1: 0.05937272064186725
LC573546.1: 0.06417888775954697
MG600417.1: 0.05880636217714869
MG813927.1: 0.06197802197802198
MH729811.1: 0.042550058892815074
MH729812.1: 0.06320574864349611
MK050105.1: 0.0662280701754386
MN450851.1: 0.06183150183150183
MN450852.1: 0.06391087657578423
MN450853.1: 0.06220862470862471
MN450854.1: 0.0595133391967165
MN450855.1: 0.06285714285714286
MT210621.1: 0.05814294083186877
MW795566.1: 0.04667837284167398
MW795567.1: 0.04799531752999708
MZ357113.1: 0.060938185006576065
MZ542728.1: 0.06277308476551122
MZ868954.1: 0.06321002039032916
NC_038504.1: 0.046198830409356725
OM037395.1: 0.022373393801965232
OM037396.1: 0.02206104563312179
ON644869.1: 0.04092184960850938
ON887282.1: 0.056199821587867974
ON887283.1: 0.056051144811180495
OP947206.1: 0.05194615159496634
OP947207.1: 0.05150717003219198
OP947209.1: 0.051653497219783434
OP947210.1: 0.062316715542521994
OP947211.1: 0.0635475878151873
OQ067397.1: 0.06315483119906869
