Patristic Distances from AB847305.1:
AB847305.1 Orthohepevirus: 2e-06
LC145325.1: 0.0713840692
LC225388.1: 0.0840669188
JX120573.1: 0.18708829970000002
MN450851.1: 0.1882511762
MG813927.1: 0.18856433020000002
MT210621.1: 0.1889551957
MN450855.1: 0.1896580853
AB847307.1: 0.1919154827
MN450852.1: 0.1959660729
MN450854.1: 0.19694239300000002
PQ488553: 0.1977113138
PQ488560: 0.19782326070000003
OP947210.1: 0.19795529409999998
PQ488552: 0.1981457993
LC549185.1: 0.19846976460000001
PQ488551: 0.1992767226
PQ488555: 0.19982295020000002
PQ488558: 0.20002007040000003
PQ488556: 0.20316649280000001
LC549184.1: 0.25203126389999997
MH729812.1: 0.25254856249999996
LC225389.1: 0.2555429191
OP947211.1: 0.2598858148
OQ067397.1: 0.2627133556
MZ542728.1: 0.2638917194
MZ868954.1: 0.26704051560000003
MN450853.1: 0.2713526298
LC573546.1: 0.2792585348
MG600417.1: 0.49330316770000004
AB847306.1: 0.5537658434
AB847309.1: 0.5640862837
ON887283.1: 0.9538372156
ON887282.1: 0.9821282098
LC549186.1: 1.0179968776000001
LC549187.1: 1.0193714331000001
MZ357113.1: 1.0216137727
ON644869.1: 1.0392495495
KM516906.1: 1.0579870573
PQ488559: 1.0720019648
JN167538.1: 1.0744649725000002
AB847308.1: 1.0764216505000002
MW795566.1: 1.0786170055000002
JN167537.1: 1.0799235654000001
NC 038504.1: 1.0817851401
GU345043.1: 1.0828313675
MW795567.1: 1.0832044226000002
OM037395.1: 1.0834782415000002
OM037396.1: 1.0846141718000002
MK050105.1: 1.0846344849
MH729811.1: 1.0899399569
OP947207.1: 1.0911696975
OP947206.1: 1.0914138092999999
OP947209.1: 1.0969763539
