Patristic Distances from test:
OM037395.1: 0.0608648002
OM037396.1: 0.06126029970000001
AB847308.1: 0.161856457
PQ488559: 0.16888410760000003
MH729811.1: 0.1885992918
KM516906.1: 0.1932834549
JN167538.1: 0.21639536110000002
ON644869.1: 0.21903915410000002
MW795566.1: 0.2208277976
JN167537.1: 0.2222710505
NC 038504.1: 0.22411397370000002
GU345043.1: 0.2251789762
MW795567.1: 0.2255580786
OP947207.1: 0.2335475119
OP947206.1: 0.2343589685
OP947209.1: 0.23934654769999997
ON887283.1: 0.5598028588
MK050105.1: 0.5729897103
ON887282.1: 0.5880068687000001
LC549186.1: 0.6241627262
LC549187.1: 0.6255384315
MZ357113.1: 0.6279848513
AB847306.1: 0.9503761023999999
AB847309.1: 0.9606907506
MG600417.1: 1.0146557569999999
LC573546.1: 1.0477425376
MZ542728.1: 1.0917285319
AB847305.1: 1.0925858931
LC549184.1: 1.0935962506
MH729812.1: 1.0941200713
MZ868954.1: 1.0948815217
LC225389.1: 1.0971530928
MN450853.1: 1.0991740796
OP947211.1: 1.1015722654
JX120573.1: 1.1017692514
MN450851.1: 1.1029554344999999
MG813927.1: 1.1032683548
MT210621.1: 1.103660744
OQ067397.1: 1.104309962
MN450855.1: 1.1043641575999998
AB847307.1: 1.1066351510999999
LC145325.1: 1.1075850154
MN450852.1: 1.1106827738999998
MN450854.1: 1.1116585132999999
PQ488553: 1.1124287732999998
PQ488560: 1.1125395546999999
OP947210.1: 1.1126880349
PQ488552: 1.1128642133
LC549185.1: 1.1131982961
PQ488551: 1.1139973521
PQ488555: 1.1145418537999998
PQ488558: 1.1147390676
PQ488556: 1.1178878044999998
LC225388.1: 1.1202696852
