Patristic Distances from test:
OM037395.1: 0.0608619958
OM037396.1: 0.061257466999999996
AB847308.1: 0.1618483493
PQ488559: 0.16887649519999998
MH729811.1: 0.1885883142
KM516906.1: 0.1932732983
JN167538.1: 0.2163845048
ON644869.1: 0.2190266232
MW795566.1: 0.2208159816
JN167537.1: 0.22225887
NC 038504.1: 0.2241017715
GU345043.1: 0.2251665862
MW795567.1: 0.225545394
OP947207.1: 0.2335353887
OP947206.1: 0.23434703480000002
OP947209.1: 0.239333945
ON887283.1: 0.5596748366
MK050105.1: 0.5728724501
ON887282.1: 0.5878759027
LC549186.1: 0.6240271047
LC549187.1: 0.6254027206
MZ357113.1: 0.6278495394
AB847306.1: 0.950150963
AB847309.1: 0.9604669403
MG600417.1: 1.0144079569
LC573546.1: 1.0474933502000001
MZ542728.1: 1.0914768657999998
AB847305.1: 1.0923380085
LC549184.1: 1.0933454995
MH729812.1: 1.0938696641
MZ868954.1: 1.0946316246999999
LC225389.1: 1.0969005713
MN450853.1: 1.0989245615999998
OP947211.1: 1.1013174372
JX120573.1: 1.1015210546
MN450851.1: 1.1027069582000002
MG813927.1: 1.1030198713000001
MT210621.1: 1.1034091706000002
OQ067397.1: 1.104056614
MN450855.1: 1.1041156478
AB847307.1: 1.1063847611000002
LC145325.1: 1.1073356279000002
MN450852.1: 1.1104339755
MN450854.1: 1.1114096958
PQ488553: 1.112179933
PQ488560: 1.1122907142
OP947210.1: 1.1124359096
PQ488552: 1.1126153463
LC549185.1: 1.1129454890000001
PQ488551: 1.1137484226999999
PQ488555: 1.1142929714
PQ488558: 1.1144901589
PQ488556: 1.117638833
LC225388.1: 1.1200186196000002
