Patristic Distances from AB847305.1:
AB847305.1 Orthohepevirus: 2e-06
LC145325.1: 0.0714230941
LC225388.1: 0.08411301759999999
JX120573.1: 0.18720968600000001
MN450851.1: 0.1883699903
MG813927.1: 0.1886828535
MT210621.1: 0.1890701088
MN450855.1: 0.1897779953
AB847307.1: 0.192039324
MN450852.1: 0.1960910216
MN450854.1: 0.1970664117
PQ488553: 0.19783644720000002
PQ488560: 0.1979473943
OP947210.1: 0.1980826559
PQ488552: 0.1982717149
LC549185.1: 0.1986082762
PQ488551: 0.1994026834
PQ488555: 0.1999487773
PQ488558: 0.2001460144
PQ488556: 0.2032937456
LC549184.1: 0.2521955382
MH729812.1: 0.2527151293
LC225389.1: 0.2557277023
OP947211.1: 0.260071844
OQ067397.1: 0.2629027756
MZ542728.1: 0.26408527260000003
MZ868954.1: 0.2672332082
MN450853.1: 0.2715473677
LC573546.1: 0.2794915904
MG600417.1: 0.49395036800000003
AB847306.1: 0.5545098407
AB847309.1: 0.5648187659
ON887283.1: 0.9551955005999998
ON887282.1: 0.9835190956999998
LC549186.1: 1.0194223296
LC549187.1: 1.0207986466999999
MZ357113.1: 1.0230461308999999
ON644869.1: 1.0407141867999998
KM516906.1: 1.0594830789999998
PQ488559: 1.0735106768
JN167538.1: 1.0759706559
AB847308.1: 1.0779341104
MW795566.1: 1.0801277031999998
JN167537.1: 1.0814408869999999
NC 038504.1: 1.08329313
GU345043.1: 1.0843419237999998
MW795567.1: 1.0847221534
OM037395.1: 1.0849942228999998
OM037396.1: 1.0861304841
MK050105.1: 1.0862467295
MH729811.1: 1.0914631243
OP947207.1: 1.0926857603
OP947206.1: 1.0929322306
OP947209.1: 1.0984965631999999
