Patristic Distances from test:
OM037395.1: 0.06086774910000001
OM037396.1: 0.061263083600000004
AB847308.1: 0.16186800440000002
PQ488559: 0.1688924648
MH729811.1: 0.18860793010000002
KM516906.1: 0.19329315689999998
JN167538.1: 0.21640576749999998
ON644869.1: 0.21905340599999998
MW795566.1: 0.22083870569999997
JN167537.1: 0.22228775139999998
NC_038504.1: 0.2241259738
GU345043.1: 0.2251921974
MW795567.1: 0.22557448709999997
OP947207.1: 0.2335608581
OP947206.1: 0.2343708389
OP947209.1: 0.23935993979999998
ON887283.1: 0.5599244925
MK050105.1: 0.5731447971
ON887282.1: 0.5881444279
LC549186.1: 0.6243074612
LC549187.1: 0.6256835619
MZ357113.1: 0.6281319369
AB847306.1: 0.9506224783999999
AB847309.1: 0.9609367789
MG600417.1: 1.0149386425
LC573546.1: 1.0480174095
MZ542728.1: 1.0920160886999999
AB847305.1: 1.0928670509
LC549184.1: 1.0938747735
MH729812.1: 1.0944014249
MZ868954.1: 1.0951720902
LC225389.1: 1.0974398029
MN450853.1: 1.0994654012999998
OP947211.1: 1.1018508456
JX120573.1: 1.1020555898
MN450851.1: 1.1032423097000001
MG813927.1: 1.1035552444000003
MT210621.1: 1.1039390170999999
OQ067397.1: 1.1045942653
MN450855.1: 1.1046511512000001
AB847307.1: 1.1069182810999998
LC145325.1: 1.1078649193
MN450852.1: 1.1109704189
MN450854.1: 1.1119462056
PQ488553: 1.1127165101
PQ488560: 1.112827293
OP947210.1: 1.1129700552
PQ488552: 1.1131520019
LC549185.1: 1.1134851155999999
PQ488551: 1.1142852617
PQ488555: 1.1148296775000002
PQ488558: 1.1150269363
PQ488556: 1.1181757918000002
LC225388.1: 1.120550426
